28
28
0 0
27 0
0 27
27 27
0 3
0 4
0 23
0 24
1 1
1 6
1 9
1 10
1 13
1 14
1 17
1 18
1 21
1 26
2 1
2 3
2 5
2 6
2 7
2 9
2 12
2 13
2 14
2 15
2 18
2 20
2 21
2 22
2 24
2 26
3 5
3 7
3 20
3 22
4 1
4 3
4 5
4 7
4 9
4 10
4 11
4 12
4 13
4 14
4 15
4 16
4 17
4 18
4 20
4 22
4 24
4 26
5 3
5 23
6 0
6 1
6 5
6 7
6 9
6 11
6 13
6 14
6 15
6 17
6 19
6 21
6 26
6 27
7 3
7 23
8 3
8 7
8 9
8 10
8 13
8 14
8 15
8 18
8 19
8 21
9 1
9 5
9 9
9 10
9 12
9 13
9 15
9 16
9 18
9 19
9 23
9 26
10 1
10 5
10 7
10 12
10 16
10 21
10 23
10 26
11 1
11 2
11 4
11 5
11 14
11 23
11 25
11 26
12 7
12 9
12 10
12 12
12 16
12 18
12 19
12 21
13 1
13 2
13 4
13 5
13 7
13 9
13 19
13 21
13 23
13 25
13 26
14 1
14 5
14 7
14 9
14 10
14 12
14 16
14 18
14 19
14 21
14 23
14 26
15 1
15 2
15 4
15 5
15 14
15 23
15 25
15 26
16 7
16 12
16 16
16 21
17 1
17 2
17 4
17 5
17 9
17 10
17 12
17 13
17 15
17 16
17 18
17 19
17 23
17 25
17 26
18 1
18 5
18 7
18 9
18 10
18 13
18 14
18 15
18 18
18 19
18 21
18 23
18 26
19 1
19 3
19 5
19 23
19 26
20 3
20 7
20 9
20 11
20 13
20 14
20 15
20 17
20 19
20 21
21 1
22 3
22 6
22 9
22 10
22 11
22 12
22 13
22 14
22 15
22 16
22 17
22 18
22 21
22 24
23 1
23 3
23 5
23 6
23 7
23 20
23 21
23 22
23 24
23 26
24 5
24 7
24 9
24 12
24 13
24 14
24 15
24 18
24 20
24 22
25 1
25 3
25 5
25 7
25 9
25 10
25 13
25 14
25 17
25 18
25 20
25 22
25 24
25 26
26 1
26 10
26 17
26 26
27 3
27 4
27 6
27 21
27 23
27 24
